[
{"russia": "72%", "draw": "20%", "saudi arabia": "8%"},
{"croatia": "51%", "draw": "29%", "nigeria": "20%"},
{"france": "79%", "draw": "16%", "australia": "5%"},
{"argentina": "72%", "draw": "20%", "iceland": "8%"},
{"morocco": "42%", "draw": "31%", "iran": "27%"},
{"portugal": "22%", "draw": "27%", "spain": "51%"},
{"peru": "25%", "draw": "28%", "denmark": "47%"},
{"egypt": "17%", "draw": "27%", "uruguay": "56%"},
{"germany": "67%", "draw": "22%", "mexico": "11%"},
{"brazil": "70%", "draw": "19%", "switzerland": "11%"},
{"sweden": "45%", "draw": "29%", "south korea": "26%"},
{"costa rica": "25%", "draw": "28%", "serbia": "47%"},
{"poland": "55%", "draw": "27%", "senegal": "18%"},
{"belgium": "85%", "draw": "12%", "panama": "3%"},
{"colombia": "41%", "draw": "30%", "japan": "29%"},
{"tunisia": "10%", "draw": "19%", "england": "71%"},
{"uruguay": "77%", "draw": "17%", "saudi arabia": "6%"},
{"portugal": "62%", "draw": "24%", "morocco": "14%"},
{"iran": "5%", "draw": "14%", "spain": "81%"},
{"denmark": "56%", "draw": "26%", "australia": "18%"},
{"argentina": "48%", "draw": "28%", "croatia": "24%"},
{"brazil": "79%", "draw": "15%", "costa rica": "6%"},
{"france": "72%", "draw": "19%", "peru": "9%"},
{"nigeria": "34%", "draw": "32%", "iceland": "34%"},
{"serbia": "30%", "draw": "30%", "switzerland": "40%"},
{"belgium": "76%", "draw": "17%", "tunisia": "7%"},
{"japan": "32%", "draw": "29%", "senegal": "39%"},
{"south korea": "22%", "draw": "29%", "mexico": "49%"},
{"england": "81%", "draw": "14%", "panama": "5%"},
{"germany": "61%", "draw": "24%", "sweden": "15%"},
{"uruguay": "39%", "draw": "30%", "russia": "31%"},
{"poland": "32%", "draw": "30%", "colombia": "38%"},
{"saudi arabia": "17%", "draw": "26%", "egypt": "57%"},
{"iran": "11%", "draw": "20%", "portugal": "69%"},
{"spain": "70%", "draw": "20%", "morocco": "10%"},
{"denmark": "16%", "draw": "25%", "france": "59%"},
{"australia": "28%", "draw": "28%", "peru": "44%"},
{"iceland": "20%", "draw": "26%", "croatia": "54%"},
{"switzerland": "50%", "draw": "28%", "costa rica": "22%"},
{"south korea": "8%", "draw": "18%", "germany": "74%"},
{"japan": "22%", "draw": "28%", "poland": "50%"},
{"senegal": "24%", "draw": "28%", "colombia": "48%"},
{"england": "32%", "draw": "29%", "belgium": "39%"},
{"panama": "28%", "draw": "30%", "tunisia": "42%"},
{"russia": "48%", "draw": "28%", "egypt": "24%"},
{"nigeria": "16%", "draw": "25%", "argentina": "59%"},
{"mexico": "40%", "draw": "29%", "sweden": "31%"},
{"serbia": "11%", "draw": "19%", "brazil": "70%"}
]